Iteracion 	 mejor fitness encontrado 
0	4203
1	4167
2	4167
3	4007
4	4007
5	4007
6	4007
7	4007
8	3493
9	3493
10	3493
11	3493
12	3493
13	3493
14	3493
15	3493
16	3493
17	3381
18	3223
19	3223
20	3223
21	3186
22	3186
23	3186
24	3186
25	3186
26	3186
27	3039
28	3039
29	2927
30	2927
31	2927
32	2927
33	2927
34	2927
35	2927
36	2845
37	2845
38	2845
39	2845
40	2845
41	2845
42	2845
43	2845
44	2820
45	2820
46	2699
47	2699
48	2657
49	2657
50	2657
51	2657
52	2657
53	2657
54	2657
55	2657
56	2645
57	2645
58	2645
59	2645
60	2587
61	2587
62	2587
63	2587
64	2545
65	2545
66	2545
67	2545
68	2545
69	2545
70	2545
71	2545
72	2545
73	2545
74	2545
75	2545
76	2545
77	2545
78	2545
79	2545
80	2528
81	2528
82	2528
83	2528
84	2528
85	2528
86	2528
87	2528
88	2528
89	2359
90	2359
91	2359
92	2359
93	2359
94	2359
95	2359
96	2359
97	2359
98	2359
99	2356
100	2356
101	2356
102	2356
103	2356
104	2356
105	2356
106	2356
107	2356
108	2356
109	2356
110	2356
111	2356
112	2356
113	2356
114	2356
115	2356
116	2356
117	2356
118	2356
119	2356
120	2356
121	2356
122	2356
123	2356
124	2356
125	2356
126	2356
127	2356
128	2356
129	2356
130	2356
131	2356
132	2356
133	2356
134	2356
135	2356
136	2356
137	2356
138	2356
139	2356
140	2356
141	2356
142	2356
143	2356
144	2356
145	2356
146	2356
147	2356
148	2356
149	2356
150	2356
151	2356
152	2356
153	2356
154	2356
155	2356
156	2356
157	2356
158	2356
159	2356
160	2356
161	2356
162	2356
163	2356
164	2356
165	2356
166	2356
167	2356
168	2356
169	2356
170	2356
171	2356
172	2356
173	2356
174	2356
175	2356
176	2356
177	2356
178	2356
179	2356
180	2356
181	2356
182	2356
183	2356
184	2356
185	2356
186	2356
187	2356
188	2356
189	2356
190	2356
191	2356
192	2356
193	2356
194	2356
195	2356
196	2356
197	2356
198	2356
199	2356
