Iteracion 	 mejor fitness encontrado 
0	4650
1	4229
2	4229
3	3732
4	3732
5	3732
6	3732
7	3732
8	3732
9	3562
10	3562
11	3328
12	3328
13	3328
14	3328
15	3328
16	3181
17	3181
18	3181
19	3181
20	3128
21	3128
22	3128
23	3128
24	2929
25	2929
26	2929
27	2929
28	2929
29	2929
30	2929
31	2929
32	2864
33	2864
34	2828
35	2825
36	2825
37	2825
38	2825
39	2788
40	2788
41	2788
42	2583
43	2583
44	2583
45	2583
46	2583
47	2583
48	2580
49	2580
50	2580
51	2556
52	2556
53	2556
54	2556
55	2556
56	2556
57	2556
58	2556
59	2556
60	2556
61	2556
62	2556
63	2556
64	2556
65	2556
66	2550
67	2550
68	2550
69	2467
70	2467
71	2467
72	2467
73	2467
74	2359
75	2359
76	2359
77	2359
78	2359
79	2359
80	2359
81	2359
82	2359
83	2359
84	2359
85	2359
86	2359
87	2359
88	2359
89	2356
90	2356
91	2356
92	2356
93	2356
94	2356
95	2356
96	2356
97	2356
98	2356
99	2356
100	2356
101	2356
102	2356
103	2356
104	2356
105	2356
106	2356
107	2356
108	2356
109	2356
110	2356
111	2356
112	2356
113	2356
114	2356
115	2356
116	2356
117	2356
118	2356
119	2356
120	2356
121	2356
122	2356
123	2356
124	2356
125	2356
126	2356
127	2356
128	2356
129	2356
130	2356
131	2356
132	2356
133	2356
134	2356
135	2356
136	2356
137	2356
138	2356
139	2356
140	2356
141	2356
142	2356
143	2356
144	2356
145	2356
146	2356
147	2356
148	2356
149	2356
150	2356
151	2356
152	2356
153	2356
154	2356
155	2356
156	2356
157	2356
158	2356
159	2356
160	2356
161	2356
162	2356
163	2356
164	2356
165	2356
166	2356
167	2356
168	2356
169	2356
170	2356
171	2356
172	2356
173	2356
174	2356
175	2356
176	2356
177	2356
178	2356
179	2356
180	2356
181	2356
182	2356
183	2356
184	2356
185	2356
186	2356
187	2356
188	2356
189	2356
190	2356
191	2356
192	2356
193	2356
194	2356
195	2356
196	2356
197	2356
198	2356
199	2356
