Iteracion 	 mejor fitness encontrado 
0	3433
1	3433
2	3433
3	3433
4	3433
5	3433
6	3403
7	3403
8	3403
9	3403
10	3295
11	3295
12	2998
13	2998
14	2998
15	2998
16	2998
17	2998
18	2998
19	2998
20	2998
21	2637
22	2637
23	2637
24	2637
25	2637
26	2637
27	2637
28	2637
29	2637
30	2637
31	2637
32	2637
33	2571
34	2571
35	2571
36	2571
37	2571
38	2571
39	2571
40	2539
41	2539
42	2539
43	2539
44	2539
45	2539
46	2539
47	2539
48	2539
49	2539
50	2539
51	2539
52	2539
53	2539
54	2515
55	2515
56	2515
57	2515
58	2515
59	2515
60	2515
61	2515
62	2515
63	2515
64	2515
65	2515
66	2515
67	2515
68	2515
69	2515
70	2515
71	2515
72	2515
73	2515
74	2515
75	2515
76	2515
77	2515
78	2515
79	2515
80	2515
81	2515
82	2515
83	2515
84	2515
85	2515
86	2515
87	2515
88	2515
89	2515
90	2515
91	2515
92	2515
93	2515
94	2515
95	2515
96	2515
97	2515
98	2515
99	2515
100	2515
101	2515
102	2515
103	2515
104	2479
105	2479
106	2479
107	2479
108	2479
109	2479
110	2479
111	2479
112	2479
113	2479
114	2479
115	2479
116	2356
117	2356
118	2356
119	2356
120	2356
121	2356
122	2356
123	2356
124	2356
125	2356
126	2356
127	2356
128	2356
129	2356
130	2356
131	2356
132	2356
133	2356
134	2356
135	2356
136	2356
137	2356
138	2356
139	2356
140	2356
141	2356
142	2356
143	2356
144	2356
145	2356
146	2356
147	2356
148	2356
149	2356
150	2356
151	2356
152	2356
153	2356
154	2356
155	2356
156	2356
157	2356
158	2356
159	2356
160	2356
161	2356
162	2356
163	2356
164	2356
165	2356
166	2356
167	2356
168	2356
169	2356
170	2356
171	2356
172	2356
173	2356
174	2356
175	2356
176	2356
177	2356
178	2356
179	2356
180	2356
181	2356
182	2356
183	2356
184	2356
185	2356
186	2356
187	2356
188	2356
189	2356
190	2356
191	2356
192	2356
193	2356
194	2356
195	2356
196	2356
197	2356
198	2356
199	2356
