Iteracion 	 mejor fitness encontrado 
0	4366
1	4190
2	4190
3	4077
4	4062
5	4062
6	3685
7	3685
8	3604
9	3604
10	3604
11	3604
12	3604
13	3604
14	3403
15	3403
16	3403
17	3403
18	3403
19	3320
20	3320
21	3320
22	3320
23	3320
24	3284
25	3284
26	3284
27	3080
28	3080
29	3080
30	2906
31	2906
32	2906
33	2906
34	2906
35	2906
36	2906
37	2906
38	2893
39	2893
40	2794
41	2794
42	2794
43	2770
44	2676
45	2676
46	2676
47	2652
48	2652
49	2652
50	2652
51	2652
52	2652
53	2652
54	2462
55	2462
56	2462
57	2462
58	2462
59	2462
60	2462
61	2462
62	2462
63	2462
64	2462
65	2462
66	2452
67	2452
68	2452
69	2452
70	2452
71	2452
72	2452
73	2452
74	2452
75	2452
76	2452
77	2452
78	2452
79	2452
80	2452
81	2452
82	2452
83	2452
84	2452
85	2452
86	2452
87	2452
88	2452
89	2452
90	2452
91	2452
92	2452
93	2452
94	2452
95	2452
96	2452
97	2452
98	2452
99	2452
100	2452
101	2452
102	2452
103	2452
104	2452
105	2452
106	2452
107	2452
108	2452
109	2452
110	2452
111	2452
112	2452
113	2452
114	2452
115	2452
116	2452
117	2452
118	2452
119	2452
120	2452
121	2452
122	2452
123	2452
124	2452
125	2452
126	2452
127	2452
128	2452
129	2452
130	2452
131	2452
132	2452
133	2452
134	2452
135	2452
136	2452
137	2452
138	2452
139	2452
140	2452
141	2452
142	2452
143	2452
144	2452
145	2452
146	2452
147	2452
148	2452
149	2452
150	2452
151	2452
152	2452
153	2452
154	2452
155	2452
156	2452
157	2452
158	2452
159	2452
160	2452
161	2452
162	2452
163	2452
164	2452
165	2452
166	2452
167	2452
168	2452
169	2452
170	2452
171	2452
172	2452
173	2452
174	2452
175	2452
176	2452
177	2452
178	2452
179	2452
180	2452
181	2452
182	2452
183	2452
184	2452
185	2452
186	2452
187	2452
188	2452
189	2452
190	2452
191	2452
192	2452
193	2452
194	2452
195	2452
196	2452
197	2452
198	2452
199	2452
