Iteracion 	 mejor fitness encontrado 
0	4010
1	4010
2	4010
3	4010
4	4010
5	4010
6	4010
7	3833
8	3833
9	3833
10	3833
11	3833
12	3685
13	3685
14	3685
15	3488
16	3488
17	3488
18	3488
19	3488
20	2942
21	2942
22	2942
23	2942
24	2942
25	2942
26	2942
27	2942
28	2942
29	2942
30	2942
31	2942
32	2942
33	2940
34	2940
35	2841
36	2841
37	2841
38	2841
39	2841
40	2841
41	2841
42	2841
43	2841
44	2841
45	2841
46	2841
47	2841
48	2775
49	2775
50	2775
51	2724
52	2724
53	2724
54	2724
55	2724
56	2724
57	2710
58	2710
59	2691
60	2643
61	2643
62	2643
63	2571
64	2571
65	2571
66	2571
67	2571
68	2571
69	2571
70	2571
71	2571
72	2571
73	2571
74	2571
75	2571
76	2545
77	2545
78	2545
79	2545
80	2545
81	2539
82	2539
83	2539
84	2539
85	2539
86	2539
87	2539
88	2539
89	2539
90	2539
91	2539
92	2515
93	2515
94	2515
95	2515
96	2515
97	2515
98	2515
99	2515
100	2515
101	2515
102	2515
103	2515
104	2515
105	2515
106	2515
107	2515
108	2515
109	2515
110	2515
111	2515
112	2515
113	2515
114	2515
115	2515
116	2515
117	2515
118	2464
119	2464
120	2464
121	2464
122	2464
123	2464
124	2356
125	2356
126	2356
127	2356
128	2356
129	2356
130	2356
131	2356
132	2356
133	2356
134	2356
135	2356
136	2356
137	2356
138	2356
139	2356
140	2356
141	2356
142	2356
143	2356
144	2356
145	2356
146	2356
147	2356
148	2356
149	2356
150	2356
151	2356
152	2356
153	2356
154	2356
155	2356
156	2356
157	2356
158	2356
159	2356
160	2356
161	2356
162	2356
163	2356
164	2356
165	2356
166	2356
167	2356
168	2356
169	2356
170	2356
171	2356
172	2356
173	2356
174	2356
175	2356
176	2356
177	2356
178	2356
179	2356
180	2356
181	2356
182	2356
183	2356
184	2356
185	2356
186	2356
187	2356
188	2356
189	2356
190	2356
191	2356
192	2356
193	2356
194	2356
195	2356
196	2356
197	2356
198	2356
199	2356
