Iteracion 	 mejor fitness encontrado 
0	3981
1	3981
2	3981
3	3981
4	3981
5	3981
6	3981
7	3981
8	3981
9	3981
10	3981
11	3601
12	3601
13	3601
14	3601
15	3601
16	3601
17	3601
18	3601
19	3601
20	3601
21	3601
22	3601
23	3601
24	3601
25	3557
26	3557
27	3557
28	3463
29	3463
30	3463
31	3463
32	3463
33	3463
34	3463
35	3463
36	3463
37	3403
38	3403
39	3403
40	3403
41	3403
42	3252
43	3200
44	3200
45	3200
46	3200
47	3200
48	3200
49	3200
50	3200
51	3200
52	3200
53	3200
54	3200
55	2907
56	2907
57	2907
58	2907
59	2907
60	2907
61	2907
62	2907
63	2907
64	2907
65	2907
66	2907
67	2907
68	2907
69	2907
70	2907
71	2907
72	2907
73	2907
74	2907
75	2907
76	2907
77	2907
78	2907
79	2907
80	2907
81	2907
82	2907
83	2907
84	2907
85	2907
86	2907
87	2907
88	2907
89	2907
90	2907
91	2907
92	2907
93	2907
94	2907
95	2907
96	2907
97	2907
98	2907
99	2907
100	2907
101	2907
102	2907
103	2907
104	2907
105	2907
106	2907
107	2907
108	2907
109	2907
110	2907
111	2907
112	2907
113	2906
114	2906
115	2906
116	2906
117	2906
118	2906
119	2906
120	2875
121	2875
122	2875
123	2875
124	2821
125	2821
126	2821
127	2821
128	2821
129	2821
130	2821
131	2821
132	2821
133	2821
134	2821
135	2821
136	2821
137	2821
138	2821
139	2821
140	2802
141	2802
142	2802
143	2802
144	2802
145	2802
146	2802
147	2802
148	2802
149	2802
150	2802
151	2802
152	2802
153	2802
154	2802
155	2801
156	2801
157	2801
158	2801
159	2801
160	2801
161	2801
162	2801
163	2801
164	2801
165	2801
166	2801
167	2801
168	2801
169	2801
170	2801
171	2801
172	2801
173	2801
174	2801
175	2801
176	2801
177	2801
178	2801
179	2801
180	2801
181	2801
182	2801
183	2801
184	2801
185	2780
186	2780
187	2780
188	2588
189	2588
190	2588
191	2588
192	2588
193	2588
194	2588
195	2588
196	2588
197	2588
198	2588
199	2588
