Iteracion 	 mejor fitness encontrado 
0	4347
1	4285
2	4285
3	4276
4	3588
5	3588
6	3588
7	3588
8	3588
9	3588
10	3588
11	3588
12	3588
13	3588
14	3588
15	3588
16	3588
17	3588
18	3588
19	3588
20	3588
21	3588
22	3588
23	3588
24	3588
25	3588
26	3588
27	3588
28	3588
29	3588
30	3588
31	3588
32	3588
33	3303
34	3303
35	3303
36	3303
37	3303
38	3303
39	3303
40	3303
41	3303
42	3303
43	3303
44	3303
45	3303
46	3303
47	3303
48	3303
49	3303
50	3155
51	3155
52	3155
53	3155
54	3155
55	3155
56	3155
57	3155
58	3155
59	3155
60	3155
61	3155
62	3155
63	3155
64	3155
65	3155
66	3092
67	3092
68	3092
69	3092
70	3092
71	3092
72	3092
73	3092
74	3092
75	3092
76	3092
77	3092
78	3092
79	3092
80	3092
81	3092
82	3092
83	3076
84	3076
85	3076
86	3076
87	3076
88	3076
89	3076
90	3076
91	3076
92	3076
93	2972
94	2972
95	2972
96	2964
97	2964
98	2964
99	2909
100	2833
101	2833
102	2833
103	2833
104	2833
105	2833
106	2833
107	2833
108	2833
109	2833
110	2833
111	2833
112	2833
113	2833
114	2833
115	2833
116	2833
117	2833
118	2833
119	2833
120	2833
121	2833
122	2833
123	2833
124	2833
125	2833
126	2833
127	2833
128	2833
129	2833
130	2833
131	2833
132	2833
133	2833
134	2820
135	2820
136	2820
137	2734
138	2734
139	2734
140	2734
141	2734
142	2734
143	2734
144	2734
145	2734
146	2734
147	2734
148	2734
149	2734
150	2734
151	2734
152	2734
153	2734
154	2734
155	2734
156	2734
157	2734
158	2734
159	2734
160	2734
161	2734
162	2734
163	2734
164	2734
165	2734
166	2734
167	2734
168	2734
169	2734
170	2734
171	2734
172	2734
173	2734
174	2734
175	2734
176	2734
177	2734
178	2734
179	2734
180	2734
181	2734
182	2734
183	2734
184	2734
185	2734
186	2734
187	2734
188	2734
189	2734
190	2734
191	2734
192	2734
193	2734
194	2734
195	2734
196	2734
197	2734
198	2734
199	2734
