Iteracion 	 mejor fitness encontrado 
0	4347
1	4055
2	4055
3	4055
4	4055
5	4024
6	4024
7	4024
8	4024
9	4024
10	3950
11	3950
12	3950
13	3950
14	3659
15	3659
16	3659
17	3659
18	3659
19	3659
20	3659
21	3659
22	3659
23	3659
24	3659
25	3659
26	3659
27	3659
28	3659
29	3659
30	3659
31	3659
32	3659
33	3659
34	3659
35	3659
36	3659
37	3615
38	3615
39	3084
40	3084
41	3084
42	3084
43	3084
44	3084
45	3084
46	3084
47	3084
48	3084
49	3084
50	3084
51	3084
52	3084
53	3084
54	3084
55	3084
56	3084
57	3084
58	3084
59	3084
60	3084
61	3084
62	3084
63	3084
64	3084
65	3084
66	3084
67	3084
68	3084
69	3084
70	3084
71	3084
72	3084
73	3084
74	3084
75	3084
76	3084
77	3073
78	3073
79	3073
80	3057
81	3057
82	3057
83	3057
84	2971
85	2971
86	2816
87	2816
88	2816
89	2741
90	2741
91	2741
92	2741
93	2741
94	2741
95	2741
96	2741
97	2741
98	2741
99	2741
100	2741
101	2741
102	2741
103	2741
104	2741
105	2741
106	2741
107	2741
108	2741
109	2741
110	2741
111	2741
112	2741
113	2741
114	2741
115	2741
116	2741
117	2741
118	2741
119	2741
120	2741
121	2741
122	2741
123	2741
124	2674
125	2653
126	2653
127	2653
128	2653
129	2653
130	2649
131	2649
132	2649
133	2649
134	2649
135	2649
136	2649
137	2648
138	2648
139	2648
140	2648
141	2648
142	2648
143	2648
144	2648
145	2648
146	2648
147	2648
148	2648
149	2648
150	2648
151	2587
152	2587
153	2587
154	2587
155	2587
156	2587
157	2587
158	2587
159	2587
160	2587
161	2587
162	2587
163	2587
164	2584
165	2584
166	2584
167	2584
168	2584
169	2584
170	2584
171	2584
172	2584
173	2584
174	2584
175	2584
176	2584
177	2584
178	2584
179	2584
180	2584
181	2584
182	2574
183	2574
184	2574
185	2574
186	2574
187	2521
188	2521
189	2521
190	2521
191	2521
192	2521
193	2521
194	2521
195	2518
196	2518
197	2518
198	2518
199	2518
