Iteracion 	 mejor fitness encontrado 
0	4267
1	4129
2	3602
3	3602
4	3602
5	3602
6	3602
7	3602
8	3602
9	3602
10	3602
11	3366
12	3366
13	3366
14	3177
15	3177
16	3106
17	3106
18	3106
19	3106
20	3106
21	3106
22	3059
23	2994
24	2994
25	2965
26	2965
27	2965
28	2965
29	2965
30	2965
31	2920
32	2920
33	2920
34	2920
35	2920
36	2892
37	2892
38	2892
39	2843
40	2736
41	2736
42	2736
43	2736
44	2736
45	2736
46	2736
47	2703
48	2703
49	2703
50	2703
51	2681
52	2657
53	2657
54	2657
55	2657
56	2657
57	2634
58	2634
59	2634
60	2499
61	2499
62	2457
63	2457
64	2457
65	2457
66	2457
67	2410
68	2410
69	2410
70	2410
71	2410
72	2410
73	2410
74	2410
75	2410
76	2410
77	2409
78	2409
79	2409
80	2409
81	2404
82	2404
83	2404
84	2404
85	2404
86	2404
87	2404
88	2404
89	2404
90	2404
91	2404
92	2404
93	2404
94	2404
95	2404
96	2404
97	2404
98	2404
99	2404
100	2404
101	2404
102	2404
103	2404
104	2404
105	2404
106	2404
107	2404
108	2404
109	2404
110	2404
111	2404
112	2404
113	2404
114	2404
115	2404
116	2404
117	2404
118	2404
119	2404
120	2404
121	2404
122	2404
123	2404
124	2404
125	2404
126	2404
127	2404
128	2404
129	2404
130	2404
131	2404
132	2404
133	2404
134	2404
135	2404
136	2404
137	2404
138	2404
139	2404
140	2404
141	2404
142	2404
143	2404
144	2404
145	2404
146	2404
147	2404
148	2404
149	2404
150	2404
151	2404
152	2404
153	2404
154	2404
155	2404
156	2404
157	2404
158	2404
159	2404
160	2404
161	2404
162	2404
163	2404
164	2404
165	2404
166	2404
167	2404
168	2404
169	2404
170	2404
171	2404
172	2404
173	2404
174	2404
175	2404
176	2404
177	2404
178	2404
179	2404
180	2404
181	2404
182	2404
183	2404
184	2404
185	2404
186	2404
187	2404
188	2404
189	2404
190	2404
191	2404
192	2404
193	2404
194	2404
195	2404
196	2404
197	2404
198	2404
199	2404
