Iteracion 	 mejor fitness encontrado 
0	4210
1	3945
2	3887
3	3887
4	3887
5	3887
6	3887
7	3887
8	3887
9	3887
10	3887
11	3887
12	3887
13	3887
14	3887
15	3887
16	3887
17	3887
18	3887
19	3887
20	3887
21	3887
22	3828
23	3828
24	3828
25	3569
26	3569
27	3569
28	3569
29	3569
30	3569
31	3569
32	3569
33	3569
34	3569
35	3569
36	3569
37	3569
38	3569
39	3569
40	3569
41	3569
42	3569
43	3569
44	3569
45	3511
46	3511
47	3511
48	3511
49	3511
50	3511
51	3511
52	3511
53	3206
54	3206
55	3206
56	3206
57	3206
58	3206
59	3206
60	3206
61	3206
62	3206
63	3118
64	3118
65	3118
66	3118
67	3118
68	3118
69	3118
70	3118
71	3118
72	3118
73	3118
74	3118
75	3118
76	3118
77	3118
78	3118
79	3118
80	3118
81	3118
82	3118
83	3118
84	3118
85	2954
86	2954
87	2954
88	2954
89	2824
90	2824
91	2824
92	2824
93	2824
94	2824
95	2824
96	2824
97	2824
98	2824
99	2824
100	2824
101	2824
102	2824
103	2824
104	2820
105	2820
106	2820
107	2820
108	2820
109	2820
110	2820
111	2820
112	2820
113	2820
114	2820
115	2820
116	2820
117	2820
118	2769
119	2769
120	2769
121	2769
122	2769
123	2769
124	2769
125	2769
126	2716
127	2716
128	2716
129	2716
130	2716
131	2554
132	2554
133	2554
134	2554
135	2554
136	2554
137	2554
138	2554
139	2554
140	2554
141	2554
142	2501
143	2501
144	2501
145	2501
146	2501
147	2501
148	2501
149	2501
150	2501
151	2501
152	2501
153	2501
154	2501
155	2501
156	2501
157	2501
158	2501
159	2501
160	2501
161	2501
162	2501
163	2501
164	2501
165	2501
166	2501
167	2501
168	2501
169	2501
170	2501
171	2501
172	2501
173	2501
174	2501
175	2501
176	2501
177	2501
178	2501
179	2501
180	2501
181	2501
182	2501
183	2501
184	2501
185	2501
186	2501
187	2501
188	2501
189	2501
190	2501
191	2501
192	2501
193	2501
194	2501
195	2501
196	2501
197	2501
198	2501
199	2501
