Iteracion 	 mejor fitness encontrado 
0	4017
1	4017
2	3763
3	3763
4	3763
5	3763
6	3763
7	3763
8	3763
9	3763
10	3763
11	3763
12	3763
13	3763
14	3763
15	3763
16	3763
17	3763
18	3763
19	3763
20	3763
21	3722
22	3722
23	3722
24	3722
25	3722
26	3722
27	3722
28	3722
29	3722
30	3722
31	3722
32	3722
33	3722
34	3722
35	3722
36	3722
37	3722
38	3722
39	3722
40	3722
41	3722
42	3722
43	3722
44	3722
45	3722
46	3722
47	3722
48	3722
49	3722
50	3722
51	3722
52	3722
53	3722
54	3722
55	3722
56	3722
57	3722
58	3722
59	3722
60	3722
61	3722
62	3722
63	3722
64	3722
65	3722
66	3722
67	3722
68	3722
69	3722
70	3722
71	3722
72	3722
73	3722
74	3722
75	3722
76	3722
77	3722
78	3722
79	3722
80	3722
81	3722
82	3722
83	3722
84	3722
85	3722
86	3722
87	3722
88	3722
89	3722
90	3722
91	3722
92	3722
93	3722
94	3489
95	3489
96	3489
97	3489
98	3489
99	3489
100	3489
101	3489
102	3489
103	3489
104	3489
105	3489
106	3489
107	3489
108	3489
109	3489
110	3489
111	3489
112	3489
113	3489
114	3489
115	3489
116	3489
117	3489
118	3489
119	3489
120	3489
121	3489
122	3489
123	3489
124	3489
125	3489
126	3489
127	3489
128	3489
129	3489
130	3489
131	3489
132	3489
133	3489
134	3489
135	3489
136	3489
137	3489
138	3489
139	3489
140	3489
141	3489
142	3489
143	3489
144	3489
145	3489
146	3489
147	3489
148	3489
149	3489
150	3489
151	3489
152	3489
153	3489
154	3489
155	3489
156	3489
157	3489
158	3489
159	3489
160	3489
161	3489
162	3489
163	3489
164	3489
165	3489
166	3489
167	3489
168	3489
169	3489
170	3489
171	3489
172	3489
173	3489
174	3489
175	3489
176	3489
177	3489
178	3489
179	3489
180	3489
181	3489
182	3489
183	3489
184	3489
185	3489
186	3489
187	3489
188	3489
189	3489
190	3489
191	3489
192	3489
193	3489
194	3489
195	3489
196	3489
197	3489
198	3489
199	3489
