Iteracion 	 mejor fitness encontrado 
0	4317
1	4280
2	4280
3	4280
4	4030
5	4030
6	3637
7	3637
8	3637
9	3637
10	3637
11	3637
12	3637
13	3637
14	3637
15	3637
16	3637
17	3637
18	3637
19	3637
20	3362
21	3362
22	3216
23	3216
24	3161
25	3161
26	3161
27	3161
28	3161
29	3095
30	3095
31	3094
32	2995
33	2995
34	2995
35	2995
36	2960
37	2960
38	2960
39	2960
40	2960
41	2960
42	2960
43	2960
44	2960
45	2951
46	2951
47	2951
48	2951
49	2940
50	2904
51	2904
52	2904
53	2841
54	2841
55	2841
56	2841
57	2841
58	2797
59	2797
60	2797
61	2774
62	2774
63	2774
64	2774
65	2774
66	2774
67	2774
68	2774
69	2774
70	2774
71	2730
72	2730
73	2730
74	2730
75	2730
76	2730
77	2730
78	2730
79	2730
80	2730
81	2695
82	2695
83	2695
84	2695
85	2695
86	2695
87	2695
88	2695
89	2695
90	2695
91	2695
92	2695
93	2695
94	2695
95	2695
96	2695
97	2695
98	2568
99	2568
100	2568
101	2568
102	2568
103	2568
104	2568
105	2568
106	2568
107	2568
108	2533
109	2533
110	2533
111	2533
112	2533
113	2533
114	2533
115	2533
116	2533
117	2533
118	2533
119	2533
120	2533
121	2533
122	2533
123	2533
124	2533
125	2533
126	2533
127	2533
128	2533
129	2533
130	2533
131	2533
132	2533
133	2533
134	2533
135	2533
136	2533
137	2533
138	2533
139	2533
140	2533
141	2533
142	2533
143	2533
144	2533
145	2533
146	2533
147	2533
148	2533
149	2533
150	2533
151	2533
152	2533
153	2533
154	2533
155	2533
156	2533
157	2533
158	2533
159	2533
160	2533
161	2533
162	2533
163	2533
164	2533
165	2533
166	2533
167	2533
168	2533
169	2533
170	2533
171	2533
172	2533
173	2533
174	2533
175	2533
176	2533
177	2533
178	2533
179	2533
180	2533
181	2533
182	2533
183	2533
184	2533
185	2533
186	2533
187	2533
188	2533
189	2533
190	2533
191	2533
192	2533
193	2533
194	2533
195	2533
196	2533
197	2533
198	2533
199	2533
