Iteracion 	 mejor fitness encontrado 
0	4111
1	4111
2	4111
3	3727
4	3727
5	3507
6	3507
7	3507
8	3507
9	3507
10	3507
11	3507
12	3507
13	3507
14	3507
15	3507
16	3243
17	3243
18	3243
19	3243
20	3243
21	3243
22	3243
23	3243
24	3243
25	3243
26	3243
27	3231
28	3231
29	3210
30	3210
31	3210
32	3210
33	3102
34	2951
35	2951
36	2951
37	2951
38	2951
39	2951
40	2951
41	2951
42	2951
43	2858
44	2820
45	2820
46	2761
47	2761
48	2761
49	2761
50	2761
51	2761
52	2761
53	2755
54	2755
55	2734
56	2668
57	2668
58	2668
59	2668
60	2668
61	2668
62	2614
63	2614
64	2587
65	2461
66	2461
67	2461
68	2461
69	2461
70	2461
71	2461
72	2461
73	2359
74	2359
75	2359
76	2359
77	2359
78	2359
79	2359
80	2359
81	2359
82	2359
83	2359
84	2359
85	2359
86	2359
87	2359
88	2359
89	2359
90	2359
91	2359
92	2359
93	2356
94	2356
95	2356
96	2356
97	2356
98	2356
99	2356
100	2356
101	2356
102	2356
103	2356
104	2356
105	2356
106	2356
107	2356
108	2356
109	2356
110	2356
111	2356
112	2356
113	2356
114	2356
115	2356
116	2356
117	2356
118	2356
119	2356
120	2356
121	2356
122	2356
123	2356
124	2356
125	2356
126	2356
127	2356
128	2356
129	2356
130	2356
131	2356
132	2356
133	2356
134	2356
135	2356
136	2356
137	2356
138	2356
139	2356
140	2356
141	2356
142	2356
143	2356
144	2356
145	2356
146	2356
147	2356
148	2356
149	2356
150	2356
151	2356
152	2356
153	2356
154	2356
155	2356
156	2356
157	2356
158	2356
159	2356
160	2356
161	2356
162	2356
163	2356
164	2356
165	2356
166	2356
167	2356
168	2356
169	2356
170	2356
171	2356
172	2356
173	2356
174	2356
175	2356
176	2356
177	2356
178	2356
179	2356
180	2356
181	2356
182	2356
183	2356
184	2356
185	2356
186	2356
187	2356
188	2356
189	2356
190	2356
191	2356
192	2356
193	2356
194	2356
195	2356
196	2356
197	2356
198	2356
199	2356
