Iteracion 	 mejor fitness encontrado 
0	3915
1	3915
2	3915
3	3915
4	3915
5	3915
6	3915
7	3915
8	3915
9	3915
10	3915
11	3915
12	3881
13	3881
14	3652
15	3652
16	3652
17	3652
18	3652
19	3652
20	3652
21	3652
22	3652
23	3652
24	3652
25	3652
26	3652
27	3652
28	3652
29	3652
30	3594
31	3594
32	3594
33	3575
34	3575
35	3575
36	3575
37	3575
38	3575
39	3575
40	3575
41	3373
42	3373
43	3189
44	3189
45	3189
46	3189
47	3189
48	3189
49	3189
50	3189
51	3189
52	3189
53	3189
54	3189
55	3189
56	3189
57	3189
58	3189
59	3189
60	3189
61	3189
62	3189
63	3189
64	3189
65	3189
66	3189
67	3189
68	3189
69	3189
70	3154
71	3154
72	3154
73	3154
74	3122
75	3122
76	3122
77	3122
78	3122
79	3122
80	3122
81	3122
82	3122
83	3122
84	2911
85	2911
86	2911
87	2911
88	2911
89	2911
90	2911
91	2911
92	2911
93	2911
94	2911
95	2911
96	2872
97	2872
98	2872
99	2872
100	2872
101	2796
102	2796
103	2788
104	2788
105	2788
106	2788
107	2788
108	2788
109	2788
110	2788
111	2788
112	2788
113	2788
114	2687
115	2687
116	2687
117	2687
118	2687
119	2687
120	2687
121	2687
122	2687
123	2687
124	2687
125	2687
126	2687
127	2598
128	2598
129	2598
130	2598
131	2598
132	2598
133	2598
134	2598
135	2598
136	2598
137	2598
138	2598
139	2598
140	2598
141	2598
142	2598
143	2598
144	2598
145	2598
146	2598
147	2598
148	2598
149	2598
150	2598
151	2598
152	2592
153	2592
154	2592
155	2592
156	2592
157	2592
158	2592
159	2592
160	2592
161	2592
162	2592
163	2592
164	2592
165	2592
166	2592
167	2587
168	2587
169	2587
170	2587
171	2587
172	2587
173	2587
174	2587
175	2587
176	2587
177	2587
178	2587
179	2587
180	2587
181	2587
182	2587
183	2587
184	2587
185	2587
186	2587
187	2587
188	2587
189	2587
190	2587
191	2587
192	2587
193	2587
194	2587
195	2587
196	2587
197	2571
198	2571
199	2571
