Iteracion 	 mejor fitness encontrado 
0	3620
1	3620
2	3620
3	3620
4	3620
5	3620
6	3620
7	3620
8	3620
9	3620
10	3620
11	3620
12	3620
13	3620
14	3620
15	3620
16	3620
17	3620
18	3620
19	3620
20	3620
21	3613
22	3613
23	3613
24	3425
25	3425
26	3425
27	3425
28	3425
29	3425
30	3425
31	3425
32	3425
33	3425
34	3339
35	3339
36	3339
37	3339
38	3339
39	3339
40	3339
41	3339
42	3339
43	3339
44	3339
45	3335
46	3335
47	3335
48	3335
49	3335
50	3335
51	3119
52	3119
53	3119
54	3119
55	3119
56	3119
57	3119
58	3119
59	3119
60	3119
61	3119
62	3119
63	3119
64	3119
65	3119
66	3119
67	3119
68	3119
69	3119
70	3119
71	3093
72	3093
73	3093
74	3093
75	3093
76	3093
77	3093
78	3012
79	3012
80	3012
81	3012
82	3012
83	3012
84	3012
85	3012
86	3012
87	3012
88	3012
89	3012
90	2981
91	2981
92	2981
93	2981
94	2981
95	2981
96	2981
97	2981
98	2981
99	2981
100	2905
101	2755
102	2755
103	2755
104	2755
105	2755
106	2755
107	2755
108	2755
109	2755
110	2755
111	2755
112	2755
113	2755
114	2755
115	2755
116	2755
117	2755
118	2755
119	2755
120	2755
121	2755
122	2755
123	2755
124	2755
125	2755
126	2755
127	2755
128	2755
129	2755
130	2755
131	2755
132	2755
133	2755
134	2755
135	2755
136	2755
137	2755
138	2755
139	2755
140	2755
141	2755
142	2755
143	2755
144	2755
145	2755
146	2755
147	2755
148	2755
149	2755
150	2755
151	2755
152	2755
153	2755
154	2755
155	2755
156	2755
157	2755
158	2755
159	2755
160	2755
161	2755
162	2744
163	2744
164	2744
165	2744
166	2744
167	2744
168	2744
169	2744
170	2744
171	2744
172	2744
173	2744
174	2744
175	2687
176	2687
177	2687
178	2687
179	2687
180	2687
181	2687
182	2687
183	2687
184	2687
185	2687
186	2687
187	2687
188	2687
189	2687
190	2687
191	2687
192	2687
193	2687
194	2687
195	2687
196	2687
197	2687
198	2687
199	2687
