Iteracion 	 mejor fitness encontrado 
0	3897
1	3897
2	3897
3	3897
4	3645
5	3645
6	3645
7	3645
8	3645
9	3645
10	3645
11	3645
12	3645
13	3645
14	3645
15	3645
16	3645
17	3645
18	3645
19	3645
20	3645
21	3645
22	3645
23	3645
24	3645
25	3645
26	3645
27	3627
28	3627
29	3627
30	3627
31	3627
32	3627
33	3627
34	3627
35	3196
36	3196
37	3196
38	3196
39	3196
40	3196
41	3196
42	3196
43	3196
44	3196
45	3195
46	3195
47	3195
48	3195
49	3195
50	3195
51	3117
52	3117
53	3117
54	3117
55	3117
56	3117
57	3117
58	3117
59	3117
60	3117
61	3117
62	3117
63	3117
64	3117
65	3117
66	3117
67	3117
68	3066
69	3066
70	3066
71	3066
72	3066
73	3066
74	3063
75	3063
76	3063
77	3063
78	3063
79	3063
80	3063
81	3042
82	3042
83	3042
84	3042
85	3042
86	3042
87	3042
88	3042
89	3042
90	3042
91	3042
92	3042
93	3042
94	3042
95	3042
96	3042
97	3042
98	3042
99	2998
100	2777
101	2777
102	2777
103	2777
104	2777
105	2777
106	2777
107	2777
108	2777
109	2777
110	2777
111	2777
112	2777
113	2777
114	2777
115	2777
116	2777
117	2777
118	2777
119	2777
120	2777
121	2777
122	2777
123	2734
124	2734
125	2734
126	2734
127	2734
128	2734
129	2734
130	2734
131	2734
132	2734
133	2734
134	2734
135	2734
136	2734
137	2734
138	2734
139	2734
140	2734
141	2734
142	2734
143	2734
144	2734
145	2734
146	2734
147	2734
148	2734
149	2734
150	2734
151	2734
152	2734
153	2734
154	2734
155	2734
156	2734
157	2734
158	2734
159	2734
160	2734
161	2734
162	2734
163	2734
164	2734
165	2734
166	2734
167	2734
168	2734
169	2734
170	2734
171	2734
172	2734
173	2734
174	2734
175	2734
176	2734
177	2734
178	2734
179	2734
180	2734
181	2734
182	2734
183	2734
184	2734
185	2734
186	2734
187	2734
188	2734
189	2649
190	2649
191	2649
192	2649
193	2649
194	2649
195	2649
196	2649
197	2649
198	2649
199	2649
