Iteracion 	 mejor fitness encontrado 
0	4419
1	4100
2	4100
3	4100
4	4100
5	3847
6	3847
7	3847
8	3847
9	3847
10	3847
11	3847
12	3603
13	3603
14	3603
15	3603
16	3603
17	3603
18	3603
19	3603
20	3603
21	3603
22	3603
23	3603
24	3599
25	3599
26	3599
27	3536
28	3536
29	3536
30	3536
31	3536
32	3519
33	3519
34	3519
35	3519
36	3519
37	3519
38	3519
39	3519
40	3470
41	3470
42	3470
43	3470
44	3470
45	3402
46	3402
47	3402
48	3402
49	3314
50	3314
51	3314
52	3314
53	3314
54	3314
55	3314
56	3256
57	3256
58	3256
59	3256
60	3256
61	3256
62	2946
63	2946
64	2946
65	2946
66	2946
67	2946
68	2946
69	2946
70	2946
71	2946
72	2946
73	2946
74	2946
75	2946
76	2946
77	2946
78	2946
79	2946
80	2946
81	2946
82	2946
83	2946
84	2946
85	2946
86	2946
87	2946
88	2946
89	2946
90	2946
91	2946
92	2946
93	2946
94	2946
95	2946
96	2946
97	2946
98	2946
99	2910
100	2910
101	2910
102	2910
103	2910
104	2910
105	2910
106	2910
107	2910
108	2910
109	2910
110	2910
111	2910
112	2910
113	2910
114	2910
115	2910
116	2910
117	2910
118	2844
119	2844
120	2844
121	2844
122	2844
123	2844
124	2844
125	2844
126	2844
127	2844
128	2844
129	2844
130	2844
131	2844
132	2844
133	2844
134	2844
135	2844
136	2844
137	2844
138	2844
139	2844
140	2844
141	2844
142	2844
143	2844
144	2844
145	2838
146	2838
147	2838
148	2838
149	2828
150	2828
151	2828
152	2828
153	2828
154	2828
155	2828
156	2828
157	2767
158	2767
159	2767
160	2767
161	2767
162	2767
163	2767
164	2767
165	2767
166	2767
167	2740
168	2676
169	2676
170	2676
171	2676
172	2676
173	2676
174	2676
175	2676
176	2676
177	2676
178	2676
179	2676
180	2676
181	2676
182	2676
183	2676
184	2676
185	2676
186	2676
187	2676
188	2676
189	2676
190	2676
191	2676
192	2676
193	2676
194	2676
195	2676
196	2676
197	2637
198	2637
199	2637
