Iteracion 	 mejor fitness encontrado 
0	3599
1	3599
2	3599
3	3599
4	3599
5	3599
6	3599
7	3599
8	3599
9	3599
10	3599
11	3599
12	3599
13	3599
14	3599
15	3599
16	3599
17	3599
18	3599
19	3599
20	3599
21	3599
22	3599
23	3599
24	3599
25	3585
26	3585
27	3585
28	3585
29	3585
30	3576
31	3576
32	3576
33	3567
34	3326
35	3326
36	3326
37	3326
38	3326
39	3326
40	3326
41	3326
42	3326
43	3326
44	3326
45	3326
46	3326
47	3326
48	3326
49	3149
50	3149
51	3149
52	3149
53	3149
54	3149
55	3149
56	3149
57	3149
58	3149
59	3149
60	2942
61	2942
62	2942
63	2942
64	2942
65	2942
66	2942
67	2942
68	2942
69	2942
70	2942
71	2942
72	2942
73	2942
74	2942
75	2942
76	2942
77	2942
78	2942
79	2942
80	2942
81	2942
82	2942
83	2942
84	2942
85	2942
86	2942
87	2942
88	2942
89	2942
90	2942
91	2942
92	2939
93	2939
94	2939
95	2939
96	2939
97	2939
98	2939
99	2939
100	2939
101	2853
102	2853
103	2853
104	2853
105	2853
106	2853
107	2853
108	2853
109	2853
110	2853
111	2853
112	2853
113	2853
114	2853
115	2853
116	2853
117	2853
118	2853
119	2853
120	2853
121	2853
122	2853
123	2853
124	2853
125	2853
126	2853
127	2853
128	2853
129	2853
130	2853
131	2853
132	2853
133	2853
134	2853
135	2853
136	2853
137	2853
138	2853
139	2853
140	2853
141	2853
142	2853
143	2853
144	2853
145	2853
146	2853
147	2853
148	2853
149	2853
150	2853
151	2853
152	2853
153	2853
154	2749
155	2749
156	2749
157	2749
158	2749
159	2749
160	2749
161	2749
162	2749
163	2749
164	2749
165	2749
166	2749
167	2749
168	2749
169	2749
170	2749
171	2749
172	2749
173	2749
174	2749
175	2749
176	2749
177	2749
178	2749
179	2749
180	2749
181	2749
182	2749
183	2749
184	2749
185	2749
186	2749
187	2738
188	2738
189	2738
190	2738
191	2738
192	2738
193	2738
194	2713
195	2713
196	2713
197	2713
198	2713
199	2713
