Iteracion 	 mejor fitness encontrado 
0	3899
1	3899
2	3544
3	3129
4	2870
5	2870
6	2776
7	2776
8	2713
9	2633
10	2619
11	2612
12	2612
13	2568
14	2568
15	2533
16	2533
17	2533
18	2533
19	2533
20	2533
21	2533
22	2533
23	2533
24	2533
25	2533
26	2533
27	2533
28	2533
29	2533
30	2533
31	2533
32	2533
33	2533
34	2533
35	2533
36	2533
37	2533
38	2533
39	2533
40	2533
41	2533
42	2533
43	2533
44	2533
45	2533
46	2533
47	2533
48	2533
49	2533
50	2533
51	2533
52	2533
53	2533
54	2533
55	2533
56	2533
57	2533
58	2533
59	2533
60	2533
61	2533
62	2533
63	2533
64	2533
65	2533
66	2533
67	2533
68	2533
69	2533
70	2533
71	2533
72	2533
73	2533
74	2533
75	2533
76	2533
77	2533
78	2533
79	2533
80	2533
81	2533
82	2533
83	2533
84	2533
85	2533
86	2533
87	2533
88	2533
89	2533
90	2533
91	2533
92	2533
93	2533
94	2533
95	2533
96	2533
97	2533
98	2533
99	2533
100	2533
101	2533
102	2533
103	2533
104	2533
105	2533
106	2533
107	2533
108	2533
109	2533
110	2533
111	2533
112	2533
113	2533
114	2533
115	2533
116	2533
117	2533
118	2533
119	2533
120	2533
121	2533
122	2533
123	2533
124	2533
125	2533
126	2533
127	2533
128	2533
129	2533
130	2533
131	2533
132	2533
133	2533
134	2533
135	2533
136	2533
137	2533
138	2533
139	2533
140	2533
141	2533
142	2533
143	2533
144	2533
145	2533
146	2533
147	2533
148	2533
149	2533
150	2533
151	2533
152	2533
153	2533
154	2533
155	2533
156	2533
157	2533
158	2533
159	2533
160	2533
161	2533
162	2533
163	2533
164	2533
165	2533
166	2533
167	2533
168	2533
169	2533
170	2533
171	2533
172	2533
173	2533
174	2533
175	2533
176	2533
177	2533
178	2533
179	2533
180	2533
181	2533
182	2533
183	2533
184	2533
185	2533
186	2533
187	2533
188	2533
189	2533
190	2533
191	2533
192	2533
193	2533
194	2533
195	2533
196	2533
197	2533
198	2533
199	2533
