Iteracion 	 mejor fitness encontrado 
0	4229
1	4229
2	4229
3	4229
4	4028
5	3987
6	3987
7	3987
8	3987
9	3987
10	3987
11	3987
12	3987
13	3847
14	3847
15	3847
16	3847
17	3632
18	3632
19	3632
20	3382
21	3382
22	3382
23	3382
24	3382
25	3382
26	3382
27	3382
28	3382
29	3382
30	3382
31	3382
32	3382
33	3382
34	3382
35	3382
36	3382
37	3382
38	3382
39	3382
40	3382
41	3187
42	3187
43	3187
44	3187
45	3187
46	3187
47	3187
48	3187
49	3187
50	3187
51	3187
52	3187
53	3187
54	3187
55	3187
56	3187
57	3187
58	3187
59	3150
60	3150
61	3150
62	3150
63	3150
64	3150
65	3150
66	3134
67	3134
68	3134
69	3134
70	3134
71	3134
72	2858
73	2858
74	2858
75	2858
76	2858
77	2858
78	2858
79	2858
80	2858
81	2858
82	2858
83	2574
84	2574
85	2574
86	2574
87	2574
88	2574
89	2574
90	2574
91	2574
92	2574
93	2574
94	2574
95	2574
96	2574
97	2574
98	2574
99	2574
100	2574
101	2574
102	2405
103	2405
104	2405
105	2405
106	2405
107	2405
108	2405
109	2405
110	2405
111	2405
112	2405
113	2405
114	2405
115	2405
116	2405
117	2405
118	2405
119	2405
120	2405
121	2405
122	2405
123	2405
124	2405
125	2405
126	2405
127	2405
128	2405
129	2405
130	2405
131	2405
132	2405
133	2405
134	2405
135	2405
136	2405
137	2405
138	2405
139	2405
140	2405
141	2405
142	2405
143	2405
144	2405
145	2405
146	2405
147	2405
148	2405
149	2405
150	2405
151	2405
152	2405
153	2405
154	2405
155	2356
156	2356
157	2356
158	2356
159	2356
160	2356
161	2356
162	2356
163	2356
164	2356
165	2356
166	2356
167	2356
168	2356
169	2356
170	2356
171	2356
172	2356
173	2356
174	2356
175	2356
176	2356
177	2356
178	2356
179	2356
180	2356
181	2356
182	2356
183	2356
184	2356
185	2356
186	2356
187	2356
188	2356
189	2356
190	2356
191	2356
192	2356
193	2356
194	2356
195	2356
196	2356
197	2356
198	2356
199	2356
