Iteracion 	 mejor fitness encontrado 
0	4037
1	4037
2	4037
3	4037
4	4037
5	4037
6	4037
7	4037
8	4037
9	4036
10	4036
11	4036
12	3890
13	3890
14	3553
15	3553
16	3553
17	3553
18	3553
19	3553
20	3553
21	3553
22	3305
23	3305
24	3305
25	3305
26	3305
27	3305
28	3305
29	3305
30	3305
31	3305
32	3305
33	3305
34	3305
35	3305
36	3305
37	3305
38	3305
39	3305
40	3305
41	3305
42	3305
43	3305
44	3305
45	3305
46	3305
47	3241
48	3241
49	3185
50	3185
51	3185
52	3185
53	3185
54	3185
55	3185
56	3185
57	3185
58	3122
59	3122
60	3098
61	3067
62	3067
63	2948
64	2948
65	2948
66	2948
67	2948
68	2948
69	2948
70	2948
71	2948
72	2948
73	2948
74	2948
75	2948
76	2948
77	2948
78	2948
79	2948
80	2912
81	2900
82	2900
83	2813
84	2813
85	2813
86	2813
87	2813
88	2813
89	2813
90	2813
91	2813
92	2813
93	2813
94	2813
95	2813
96	2813
97	2813
98	2813
99	2813
100	2813
101	2813
102	2806
103	2806
104	2806
105	2632
106	2632
107	2632
108	2632
109	2632
110	2632
111	2632
112	2632
113	2632
114	2632
115	2632
116	2632
117	2632
118	2632
119	2632
120	2632
121	2632
122	2632
123	2632
124	2632
125	2632
126	2632
127	2632
128	2632
129	2632
130	2632
131	2632
132	2632
133	2632
134	2528
135	2528
136	2528
137	2528
138	2528
139	2528
140	2528
141	2528
142	2528
143	2528
144	2528
145	2528
146	2528
147	2359
148	2359
149	2359
150	2359
151	2359
152	2359
153	2359
154	2359
155	2359
156	2359
157	2359
158	2359
159	2359
160	2359
161	2359
162	2359
163	2359
164	2359
165	2359
166	2359
167	2359
168	2359
169	2359
170	2359
171	2359
172	2359
173	2359
174	2359
175	2359
176	2356
177	2356
178	2356
179	2356
180	2356
181	2356
182	2356
183	2356
184	2356
185	2356
186	2356
187	2356
188	2356
189	2356
190	2356
191	2356
192	2356
193	2356
194	2356
195	2356
196	2356
197	2356
198	2356
199	2356
