Iteracion 	 mejor fitness encontrado 
0	4591
1	4404
2	3801
3	3801
4	3801
5	3801
6	3801
7	3801
8	3801
9	3801
10	3801
11	3801
12	3801
13	3801
14	3315
15	3315
16	3315
17	3315
18	3315
19	3315
20	3315
21	3315
22	3315
23	3315
24	3315
25	3235
26	3235
27	3235
28	3235
29	3235
30	3235
31	3235
32	3235
33	3235
34	3235
35	3235
36	3219
37	3219
38	3219
39	3219
40	3219
41	3219
42	3219
43	3219
44	3219
45	3219
46	3219
47	3219
48	3219
49	3219
50	3219
51	3219
52	3219
53	2712
54	2712
55	2712
56	2712
57	2712
58	2712
59	2712
60	2712
61	2712
62	2712
63	2712
64	2712
65	2712
66	2712
67	2712
68	2712
69	2712
70	2712
71	2712
72	2712
73	2712
74	2712
75	2712
76	2712
77	2712
78	2657
79	2657
80	2657
81	2657
82	2657
83	2657
84	2657
85	2657
86	2657
87	2657
88	2657
89	2657
90	2657
91	2657
92	2657
93	2657
94	2657
95	2657
96	2657
97	2657
98	2657
99	2657
100	2657
101	2657
102	2657
103	2657
104	2657
105	2657
106	2657
107	2657
108	2657
109	2657
110	2657
111	2657
112	2657
113	2657
114	2657
115	2657
116	2657
117	2657
118	2657
119	2657
120	2657
121	2657
122	2657
123	2657
124	2657
125	2657
126	2657
127	2657
128	2657
129	2657
130	2657
131	2657
132	2657
133	2657
134	2657
135	2657
136	2657
137	2636
138	2636
139	2636
140	2636
141	2636
142	2636
143	2636
144	2636
145	2636
146	2636
147	2636
148	2636
149	2636
150	2636
151	2636
152	2636
153	2636
154	2636
155	2636
156	2636
157	2636
158	2636
159	2636
160	2636
161	2636
162	2636
163	2636
164	2636
165	2636
166	2636
167	2636
168	2636
169	2559
170	2559
171	2559
172	2559
173	2559
174	2559
175	2559
176	2559
177	2559
178	2559
179	2559
180	2559
181	2559
182	2559
183	2559
184	2559
185	2559
186	2559
187	2559
188	2559
189	2559
190	2559
191	2559
192	2559
193	2559
194	2559
195	2559
196	2559
197	2559
198	2559
199	2559
