Iteracion 	 mejor fitness encontrado 
0	4211
1	4137
2	4137
3	4137
4	4050
5	4038
6	4038
7	4038
8	3949
9	3949
10	3719
11	3719
12	3719
13	3719
14	3680
15	3607
16	3583
17	3583
18	3583
19	3581
20	3517
21	3517
22	3471
23	3471
24	3169
25	3169
26	3169
27	3169
28	3169
29	3145
30	3145
31	3145
32	3145
33	3145
34	3145
35	3145
36	3145
37	3145
38	3098
39	3098
40	3059
41	3006
42	3006
43	3006
44	2799
45	2799
46	2799
47	2799
48	2799
49	2799
50	2799
51	2799
52	2799
53	2783
54	2783
55	2783
56	2783
57	2783
58	2783
59	2783
60	2783
61	2783
62	2783
63	2783
64	2783
65	2783
66	2783
67	2783
68	2783
69	2783
70	2783
71	2783
72	2783
73	2783
74	2783
75	2783
76	2759
77	2759
78	2759
79	2759
80	2759
81	2759
82	2759
83	2759
84	2759
85	2759
86	2759
87	2759
88	2759
89	2759
90	2759
91	2759
92	2759
93	2759
94	2759
95	2759
96	2759
97	2759
98	2759
99	2759
100	2759
101	2759
102	2759
103	2759
104	2759
105	2759
106	2759
107	2759
108	2759
109	2759
110	2759
111	2759
112	2759
113	2759
114	2759
115	2759
116	2759
117	2759
118	2759
119	2759
120	2759
121	2759
122	2759
123	2759
124	2759
125	2759
126	2759
127	2759
128	2759
129	2759
130	2759
131	2759
132	2759
133	2759
134	2759
135	2759
136	2759
137	2759
138	2759
139	2661
140	2661
141	2661
142	2661
143	2661
144	2661
145	2661
146	2661
147	2661
148	2661
149	2661
150	2661
151	2661
152	2661
153	2661
154	2661
155	2661
156	2661
157	2661
158	2661
159	2661
160	2661
161	2661
162	2661
163	2661
164	2661
165	2661
166	2661
167	2661
168	2661
169	2661
170	2661
171	2661
172	2661
173	2661
174	2661
175	2661
176	2661
177	2661
178	2661
179	2661
180	2661
181	2661
182	2661
183	2661
184	2661
185	2501
186	2501
187	2501
188	2452
189	2452
190	2452
191	2452
192	2452
193	2452
194	2452
195	2452
196	2452
197	2452
198	2452
199	2452
